,134765,197672,198124,201820,255848,31317,313217,313459,316139,316866,317002,318736,321588,35622016,3654597,3655005,36676288,36713755,37016924,37018196,37109909,37110522,37150978,37153627,37153816,37309626,37311061,37311069,373503,373995,377091,378143,381549,4007663,4009853,4010813,4013886,4020553,4021291,4022846,4024166,4024366,4024552,4024618,4029305,4033232,4041284,4043344,4046360,4046731,40479589,40479625,4052460,4052648,4052946,4056822,4059015,40599742,4068351,4070299,4070767,4077953,4079975,4083171,4084390,4085730,4090739,4102202,4103842,4114614,4116678,4119715,4119952,4131044,4133004,4137275,4143576,4146455,4150054,4150603,4156503,4159131,4159324,4165535,4166231,4167605,4169009,4172676,4178501,4179955,4180770,4181165,4185284,4185607,4189511,4192115,4194238,4196427,4196955,4200516,4201029,4201412,4201926,4206471,4208414,4213477,4215133,4217691,4217808,4217949,4224118,4225865,4229881,4231363,4232457,4234469,4234649,4234656,4238738,4241216,4242843,4245997,4249566,4251306,42536002,42538532,4268546,4273629,4275208,4275337,4276568,4282394,4283095,4285282,4285288,4287112,42872749,4295287,4299535,4301936,43020873,4302666,4304917,4306655,4306703,4309238,4310996,432250,4322978,432585,4326744,4327941,432867,4329041,4329728,4329847,433736,436940,439393,440377,440383,440417,440424,441589,442310,442985,443432,443784,444031,44784217,44784326,44791753,44800078,44803656,44804450,44805124,46270002,46271022,46272492,604179,606770,81902
134765,0.99999964,0.36647677,0.29882756,0.36990553,0.32123494,0.5470295,0.32655114,0.37405255,0.5532983,0.21780087,0.32990652,0.26197743,0.32008365,0.4100679,0.27840823,0.2079838,0.19713826,0.42105943,0.21199372,0.3713879,0.28655255,0.25515774,0.33752522,0.10484194,0.36512426,0.25609103,0.36272404,0.29082888,0.29595187,0.53846914,0.3110758,0.37253705,0.23929128,0.18252374,0.25638095,0.2925362,0.3041301,0.22468331,0.36238864,0.31392595,0.2409926,0.268058,0.36175537,0.3300922,0.2980321,0.33747616,0.25438708,0.3123266,0.29410762,0.2643085,0.25617856,0.26767975,0.24502975,0.49996334,0.24407543,0.3043388,0.40525976,0.22982536,0.19449566,0.21477368,0.29260224,0.32327878,0.23886597,0.31465077,0.31417924,0.24818397,0.5058869,0.20514582,0.26831868,0.20710671,0.29722756,0.34878603,0.33639103,0.429855,0.28385088,0.23271447,0.1925765,0.20532371,0.3223797,0.5387042,0.29991096,0.29604578,0.23728506,0.26147646,0.19420666,0.316071,0.15155832,0.29395068,0.36231065,0.2878692,0.33098653,0.096023045,0.19445601,0.28998476,0.28205305,0.25113523,0.29089427,0.31404495,0.23289698,0.1987735,0.20935251,0.23145808,0.24345198,0.3405638,0.286094,0.21771684,0.24279046,0.32794866,0.3168834,0.28412,0.32921702,0.30842945,0.67592835,0.24985406,0.34723288,0.3849987,0.36100575,0.32469407,0.21362269,0.1902916,0.43545327,0.3910851,0.42833,0.37204742,0.28197408,0.22896445,0.20876521,0.3634885,0.241687,0.10943108,0.15053432,0.22598806,0.27103433,0.316356,0.2582445,0.20027375,0.26890746,0.24067226,0.22452909,0.2172144,0.22433081,0.33858854,0.3169497,0.54072696,0.28200436,0.3695555,0.26810148,0.2883731,0.30858052,0.24538448,0.21555373,0.22570531,0.29718745,0.35411543,0.35825273,0.30970266,0.48153123,0.3761261,0.32744116,0.5458164,0.48407984,0.2511378,0.46206224,0.2725718,0.45683935,0.28551024,0.4227447,0.13838407,0.45450354,0.30762815,0.32594293,0.28389615,0.38212132,0.3026948,0.36256152,0.31515706,0.41462773,0.40011573,0.2555183,0.24017042,0.1746491,0.20311047
197672,0.36647677,0.9999999,0.2990049,0.25710478,0.24241465,0.32926473,0.3176493,0.34192446,0.33401915,0.24183069,0.23522648,0.28268886,0.21103045,0.25765693,0.20711862,0.17683005,0.1517196,0.35864416,0.1054402,0.20106919,0.26524112,0.25562587,0.20532192,0.082793064,0.23121092,0.24605973,0.26105723,0.15156806,0.2970813,0.37070328,0.31329,0.2825967,0.252349,0.2074354,0.25251672,0.2491604,0.18512271,0.21551833,0.23515207,0.193215,0.12075356,0.17214957,0.23830709,0.18595335,0.14307368,0.2543103,0.24647532,0.2113758,0.2875559,0.14091218,0.17648959,0.14539969,0.21005335,0.34039384,0.3143474,0.1599555,0.48749474,0.2063224,0.25224185,0.20799421,0.243886,0.1477369,0.24522752,0.24446948,0.15552123,0.10564464,0.2528303,0.17471631,0.15169534,0.1261942,0.26318818,0.24846713,0.19361106,0.2832368,0.23176143,0.17418443,0.23994382,0.22213832,0.19967975,0.29974782,0.2103613,0.14157028,0.16373032,0.23302722,0.20269072,0.3855868,0.17302006,0.31986412,0.32304046,0.24726655,0.21110862,0.42726213,0.12534308,0.22398242,0.24626347,0.17585969,0.11703451,0.20149523,0.20962681,0.18355739,0.048985966,0.19093248,0.19013113,0.27836448,0.19713448,0.2820655,0.17015964,0.2964142,0.2774393,0.22281589,0.69024754,0.25253895,0.3207751,0.24001822,0.1893759,0.20406836,0.28459063,0.2845652,0.11915727,0.3138074,0.25361204,0.2724344,0.30183327,0.2971704,0.27253586,0.21839897,0.21152659,0.14047071,0.22559161,0.15894492,0.15388216,0.17706269,0.1359494,0.23137699,0.26096013,0.1855166,0.27273044,0.13063744,0.26393652,0.19161499,0.20019317,0.171,0.27589518,0.30248725,0.16819963,0.35343766,0.28533286,0.26548123,0.20776196,0.16659877,0.21930021,0.14662217,0.13339289,0.23104969,0.38368374,0.27076772,0.23481517,0.21307161,0.25706095,0.33447713,0.29061925,0.22419424,0.33220497,0.15164886,0.29572037,0.28835398,0.25105137,0.17249498,0.28016433,0.23385295,0.13759501,0.16605502,0.24359873,0.26081106,0.25118256,0.17497997,0.27517402,0.28832144,0.10015756,0.18500417,0.2569645,0.5332483
198124,0.29882756,0.2990049,1.0000002,0.44678277,0.36228842,0.22174522,0.15901473,0.16618824,0.4003495,0.35923067,0.22509344,0.22147508,0.5198207,0.30780196,0.1948194,0.11091548,0.18828806,0.24797738,0.107073754,0.359182,0.14936224,0.13853331,0.2843519,0.18837519,0.30474722,0.1812038,0.18838967,0.2675034,0.17914031,0.23416097,0.24619584,0.31036925,0.16905564,0.21449783,0.15892209,0.25183868,0.2279512,0.13575383,0.20362392,0.3018379,0.18813607,0.28410372,0.42151076,0.23838033,0.2985124,0.12620603,0.2839406,0.112916306,0.15454882,0.20143391,0.18650204,0.3056738,0.22290513,0.4088252,0.20615336,0.1708058,0.25005192,0.27420047,0.19426717,0.08131478,0.2435463,0.30996612,0.2705909,0.19705233,0.20884773,0.26099744,0.47838855,0.0020729266,0.34396014,0.20129667,0.303858,0.28159204,0.17667735,0.24453342,0.11103073,0.27483025,0.12359492,0.21134292,0.23146367,0.27717695,0.19830225,0.2676162,0.26282382,0.06823535,0.188677,0.19104974,0.1766368,0.26870275,0.23069485,0.24483395,0.34089187,0.30674464,0.02139254,0.17718212,0.19622329,0.17474328,0.20025085,0.21244206,0.2085418,0.3393715,0.06906554,0.2387948,0.20136291,0.27333593,0.20767774,0.43134832,0.2872017,0.27603608,0.25104678,0.27547526,0.43672952,0.17218444,0.24443133,0.18645826,0.20938596,0.35160482,0.20254415,0.20452954,0.25022218,0.123670466,0.20657538,0.25170454,0.29441476,0.23077393,0.21618353,0.054611187,0.23560077,0.27718508,0.19002804,0.14674143,0.1590957,0.13288952,0.13199566,0.26275173,0.23191184,0.11407862,0.22095041,0.20558962,0.1893532,0.18824084,0.15146501,0.18667343,0.22567162,0.31476173,0.3252989,0.1497861,0.29290634,0.40558884,0.3070122,0.34230757,0.24138623,0.2278535,0.29402545,0.24373429,0.20384286,0.2630191,0.28232086,0.2966787,0.27168834,0.26924783,0.30052063,0.14981438,0.23466101,0.24981272,0.31410423,0.23323011,0.2782458,0.419928,0.3681667,0.24099188,0.15383673,0.16181621,0.29661244,0.22297126,0.170376,0.15728927,0.20362727,0.76432496,0.18614824,0.16185589,0.55606174,0.48847163
201820,0.36990553,0.25710478,0.44678277,1.0000001,0.2593038,0.35257363,0.30761608,0.27779588,0.34538066,0.36341992,0.19159578,0.33532825,0.41675645,0.6031913,0.22089316,0.16465081,0.39695528,0.36094573,0.28300267,0.71275216,0.15560126,0.1825227,0.35075933,0.16620368,0.4352941,0.26817352,0.32044372,0.2683676,0.2946662,0.39109117,0.35064358,0.32802668,0.30078262,0.27197546,0.29478627,0.2805155,0.32254273,0.27687582,0.28618664,0.28536642,0.20250115,0.30197537,0.30383763,0.24585369,0.35803318,0.27903637,0.22707966,0.20076951,0.21711463,0.35236776,0.29178146,0.42209923,0.19984362,0.389627,0.2449249,0.2221166,0.24537644,0.29835,0.2515577,0.2773224,0.25459558,0.32089704,0.29205847,0.22392513,0.3103776,0.3298846,0.43676984,0.113416925,0.41935238,0.21885991,0.33156624,0.33907688,0.3107328,0.27405313,0.28653055,0.26222086,0.170044,0.17269531,0.26076832,0.27061564,0.24859352,0.40511435,0.45661524,0.14939198,0.27917996,0.25162065,0.19348545,0.3030305,0.31562918,0.269624,0.3005604,0.18971477,0.11187801,0.23936194,0.19970198,0.25429618,0.25988084,0.30774263,0.2594549,0.20605087,0.14937769,0.2490849,0.31870005,0.29731646,0.25163642,0.3258829,0.2718867,0.31980595,0.3357647,0.4173687,0.23132376,0.19583707,0.34642142,0.27640837,0.2733212,0.53256893,0.23604915,0.2586537,0.20286226,0.17811576,0.3017394,0.4915498,0.39192444,0.2884678,0.35442334,0.1638314,0.29201123,0.37404263,0.20755628,0.38683155,0.20184542,0.17739554,0.24329513,0.3195308,0.2384392,0.2427615,0.23983213,0.27859938,0.31705964,0.40257177,0.17058688,0.3125472,0.09686021,0.3824233,0.4080356,0.2742312,0.29232797,0.46343482,0.383431,0.32853076,0.30817607,0.20601839,0.38488024,0.26189786,0.26673687,0.34088397,0.5132081,0.53953815,0.30291724,0.35867074,0.42297444,0.18968627,0.3124761,0.23278281,0.31551635,0.38201463,0.24873908,0.32103077,0.30782667,0.32744595,0.25926706,0.253791,0.32720855,0.26004943,0.29770935,0.22928765,0.18265364,0.45422825,0.358792,0.23624896,0.18067816,0.27372295
255848,0.32123494,0.24241465,0.36228842,0.2593038,0.99999976,0.32775804,0.22448114,0.3131701,0.29300368,0.22291517,0.17760794,0.2411946,0.31639364,0.26329476,0.14219487,0.3083604,0.12391384,0.23940714,0.11164107,0.21335264,0.15393059,0.09781436,0.3189523,0.24367133,0.2918547,0.18364169,0.3619672,0.21665189,0.20187287,0.38611108,0.21976192,0.29962924,0.17927632,0.2556768,0.35675073,0.42702568,0.25805697,0.265288,0.25468573,0.25680235,0.26071948,0.23541623,0.21359026,0.31615597,0.2112025,0.41128075,0.21772465,0.15944263,0.28033966,0.20038313,0.14866619,0.24800746,0.21429844,0.24994431,0.15426403,0.24110295,0.28161526,0.1747505,0.20400138,0.24654004,0.18625909,0.3424851,0.120547496,0.30954635,0.16426684,0.4296702,0.3202236,0.14171249,0.25487623,0.1616355,0.26110512,0.44402802,0.24133247,0.29337195,0.19357654,0.30366966,0.210618,0.2423518,0.25959623,0.23514965,0.26880658,0.25711942,0.248744,0.35972878,0.21315122,0.26003447,0.12832455,0.26435006,0.22616258,0.23788916,0.16772656,0.25982794,0.16485344,0.36266816,0.24914724,0.23681164,0.18073313,0.31974596,0.2746069,0.14084943,0.24186373,0.34255135,0.34213197,0.2776564,0.38880736,0.22815475,0.23420106,0.22476579,0.2581999,0.2406416,0.18906032,0.16006458,0.2498264,0.2782396,0.34676448,0.2865374,0.25029436,0.33900607,0.3190756,0.24217804,0.31120107,0.18368739,0.35567716,0.27940333,0.19092652,0.20991838,0.14020136,0.38771573,0.17814094,0.14725593,0.16139829,0.19264176,0.14745179,0.19343972,0.18079613,0.24211669,0.2602786,0.1804535,0.24269328,0.1696302,0.23322399,0.23852067,0.15934798,0.29914552,0.30018768,0.3352164,0.25632077,0.48707283,0.2469598,0.21160829,0.2253859,0.3156497,0.2854758,0.3227749,0.24783732,0.26767835,0.270761,0.27826214,0.2399883,0.3244232,0.2334696,0.4658079,0.28031206,0.30160674,0.29104763,0.23884837,0.23971108,0.20967889,0.23467235,0.22970328,0.23049253,0.21696839,0.27782524,0.20780937,0.32183123,0.18453163,0.23127884,0.28917235,0.17697357,0.16995278,0.22418411,0.49859893
31317,0.5470295,0.32926473,0.22174522,0.35257363,0.32775804,1.0,0.27881813,0.32419026,0.38265792,0.21268335,0.15984455,0.2893071,0.2753526,0.28279093,0.3070538,0.23265634,0.19230692,0.42138487,0.21235384,0.33512953,0.21831639,0.22094797,0.26463747,0.1977491,0.30673733,0.28055295,0.3474529,0.19865242,0.2983992,0.5022344,0.26014584,0.2771402,0.2332671,0.21603774,0.21220265,0.24716523,0.2519504,0.23367666,0.29841867,0.26679048,0.18775289,0.19212472,0.3325488,0.28087726,0.2489946,0.47224358,0.28027302,0.33127812,0.30172712,0.272911,0.21554731,0.31100965,0.3148679,0.48958123,0.28741097,0.2350259,0.317408,0.30221334,0.2101117,0.21258885,0.26376548,0.31983683,0.21876106,0.21512447,0.33564067,0.24184632,0.41822463,0.13027188,0.2893298,0.269058,0.2545644,0.30112243,0.21562916,0.3597751,0.24097273,0.20450003,0.21733075,0.18112601,0.32394123,0.42429805,0.30630538,0.2618523,0.23541056,0.20851506,0.24348989,0.22976209,0.1732562,0.27869105,0.3905649,0.28644386,0.30935034,0.11421608,0.19199596,0.28420728,0.21865946,0.22424097,0.20424472,0.23091431,0.29543602,0.17726848,0.15807174,0.37893718,0.22867061,0.32267162,0.24605033,0.21113688,0.24501966,0.40348688,0.29106665,0.28694823,0.37253737,0.23263243,0.36877164,0.28441164,0.32358834,0.459706,0.30415973,0.27820396,0.20560826,0.15948185,0.28532216,0.30296746,0.2837057,0.34234637,0.25354367,0.1707558,0.2305566,0.31339717,0.15692154,0.113840945,0.09662376,0.18222564,0.21723874,0.33247676,0.16643526,0.21261428,0.26503342,0.1794681,0.18818566,0.17564389,0.23048928,0.3171245,0.18687928,0.42226708,0.31729996,0.2351884,0.25634804,0.30401367,0.30623323,0.20710689,0.2009252,0.27242297,0.24298194,0.31634456,0.40540093,0.2602374,0.34310842,0.203916,0.23634624,0.48251823,0.39308104,0.2337202,0.5424715,0.24086991,0.31243044,0.21958487,0.4544406,0.23803942,0.26223892,0.25641134,0.26776427,0.28284067,0.27710834,0.24971484,0.22577587,0.2752385,0.35987616,0.24439268,0.26922584,0.24503666,0.12684952,0.18157241
313217,0.32655114,0.3176493,0.15901473,0.30761608,0.22448114,0.27881813,1.0000001,0.41772494,0.39741576,0.2370887,0.18905894,0.39467338,0.2928031,0.23610829,0.20096272,0.2348514,0.28852785,0.31888956,0.19142726,0.28669322,0.3010272,0.36395568,0.22612412,0.1388093,0.23068358,0.19424894,0.3057506,0.25175083,0.41935185,0.37581417,0.4284372,0.23881155,0.440564,0.30203378,0.3195089,0.32349336,0.31055754,0.27512977,0.27292576,0.24195948,0.18657827,0.20772222,0.2702793,0.15338403,0.24817576,0.34992847,0.3299683,0.31739438,0.3400458,0.19951697,0.37126863,0.30222893,0.21176821,0.23911221,0.2624233,0.31097397,0.37197104,0.1854386,0.29488543,0.46802706,0.23443857,0.19298813,0.10995099,0.2469627,0.21132863,0.18688771,0.12188731,0.28908673,0.2570496,0.09763599,0.22994033,0.27075607,0.35244483,0.23422045,0.30459046,0.20272227,0.34632123,0.2068541,0.24219753,0.26820487,0.21681663,0.20292848,0.23314711,0.2442139,0.23487218,0.39591247,0.317578,0.33433878,0.20354909,0.2982771,0.1555174,0.19718897,0.22046438,0.39424407,0.3682884,0.27474016,0.22754268,0.31362966,0.27433312,0.13036662,0.109340504,0.18002349,0.31145218,0.31043008,0.2489702,0.41140732,0.15310265,0.24891362,0.36473405,0.28390583,0.2596731,0.1916591,0.3056086,0.3291736,0.291025,0.23497574,0.2594933,0.30104506,0.12533659,0.24046731,0.21460652,0.35010114,0.2805454,0.23427042,0.2240738,0.38080308,0.14092578,0.17211626,0.22670421,0.17865928,0.18932633,0.20255908,0.28675908,0.21576387,0.30836397,0.23457605,0.23838797,0.29548466,0.26468086,0.20606701,0.43015712,0.37009135,0.1669283,0.3667528,0.3277412,0.32953152,0.35926545,0.23587382,0.3783027,0.22582443,0.24961862,0.12285641,0.22481245,0.34453064,0.21147317,0.3158123,0.32741603,0.2814241,0.27343318,0.32020324,0.24341448,0.36305848,0.42572993,0.36149794,0.5151177,0.39416853,0.11201069,0.09083409,0.34360704,0.5606861,0.1790615,0.431366,0.35987678,0.1944001,0.36600527,0.1780031,0.26737154,0.22700053,0.21286198,0.2798028,0.21538207,0.21893446
313459,0.37405255,0.34192446,0.16618824,0.27779588,0.3131701,0.32419026,0.41772494,0.9999998,0.34735456,0.2743667,0.31883225,0.276824,0.26383537,0.3635272,0.3919143,0.28142446,0.13025764,0.25168583,0.28117514,0.28467575,0.42592683,0.33189267,0.31363592,0.12344317,0.2049051,0.34275228,0.27156776,0.22367433,0.3707727,0.38934827,0.2865428,0.29153624,0.29457748,0.28685135,0.33477604,0.30372384,0.3265105,0.44747493,0.28455698,0.21327935,0.25950947,0.19443522,0.24256381,0.15480123,0.27102232,0.3438786,0.14703852,0.24809097,0.34040815,0.23420057,0.27703512,0.33017614,0.18409643,0.22728446,0.21717761,0.20641632,0.3301814,0.16459164,0.27360812,0.3322084,0.3426909,0.18654545,0.19764525,0.23878993,0.19185461,0.19812304,0.1823942,0.34892458,0.3880927,0.19728775,0.20152932,0.21389402,0.3496236,0.43602186,0.30367512,0.26098827,0.3237378,0.29693416,0.2586011,0.3972947,0.23958683,0.25900948,0.19585131,0.35063934,0.1661676,0.26992813,0.24212235,0.3549335,0.19854441,0.241451,0.14020869,0.10675261,0.21378803,0.32043758,0.28784668,0.23401166,0.33141288,0.31983685,0.21881764,0.1675767,0.2408605,0.28319564,0.25975704,0.29708973,0.2208951,0.2568964,0.19578415,0.39199394,0.24735525,0.27905762,0.20536265,0.20983924,0.2777639,0.291994,0.39379376,0.25945592,0.20817745,0.3094791,0.10306087,0.25455877,0.29120553,0.26819384,0.31598246,0.28862876,0.24910773,0.19753122,0.19323567,0.2382918,0.2482652,0.13256083,0.1792242,0.30246088,0.36638775,0.23189108,0.30331987,0.22309919,0.31259978,0.2094427,0.22734867,0.19416557,0.2664947,0.1964919,0.2744181,0.32860526,0.3687036,0.33173653,0.34194797,0.21848795,0.22577839,0.14898898,0.28394115,0.15272424,0.28444666,0.19862178,0.3068759,0.29097706,0.28729177,0.3857815,0.34405252,0.30542022,0.34303802,0.32576644,0.34179178,0.23831609,0.34457612,0.29228124,0.21476685,0.18871398,0.29386634,0.3576554,0.27002832,0.27043867,0.22270027,0.27658954,0.38003838,0.21433342,0.27637708,0.23369808,0.2736541,0.25680003,0.11378584,0.19296798
316139,0.5532983,0.33401915,0.4003495,0.34538066,0.29300368,0.38265792,0.39741576,0.34735456,1.0000001,0.40693355,0.40296656,0.21460804,0.65142035,0.38690123,0.30841914,0.249871,0.22672702,0.46328115,0.1616395,0.35665447,0.3184891,0.31449857,0.2591809,0.16045117,0.3325868,0.46935573,0.28354338,0.49846488,0.33069512,0.3891207,0.32797685,0.30637807,0.19956431,0.22175881,0.28831387,0.26653433,0.28187004,0.2649002,0.29403287,0.2699955,0.23083745,0.2936989,0.6785966,0.29416487,0.369897,0.27355507,0.36779082,0.20985825,0.32892948,0.22737679,0.46537882,0.34831485,0.23857266,0.4687912,0.22601856,0.2926539,0.40352368,0.204132,0.23079267,0.33091858,0.46423188,0.27003518,0.1786208,0.19700983,0.27980465,0.1856446,0.26628825,0.19467787,0.38138008,0.23910542,0.33109033,0.29984218,0.5103693,0.53815365,0.3052874,0.26476088,0.3138995,0.3492438,0.32732123,0.42314816,0.2648299,0.29245853,0.27051112,0.23665337,0.19803637,0.37988287,0.39465016,0.48569423,0.28312242,0.37236315,0.2951937,0.112177745,0.25033408,0.37509403,0.2719266,0.347362,0.32313448,0.36466596,0.29233608,0.14218725,0.2072133,0.28765127,0.28329024,0.48402676,0.24715626,0.36620808,0.2039014,0.39546835,0.39626294,0.27192816,0.3083047,0.23711139,0.39263466,0.312236,0.27229586,0.3161087,0.3477395,0.33729467,0.2291953,0.19412474,0.3480501,0.37443247,0.41993177,0.4003321,0.28475186,0.3726309,0.26636392,0.2696241,0.28533936,0.10798522,0.21727496,0.25789928,0.22723457,0.26346806,0.3377188,0.24230656,0.3290332,0.3267604,0.23093839,0.23431939,0.41197953,0.26043186,0.23435423,0.47051084,0.38751134,0.37194175,0.47649318,0.2878143,0.3383578,0.25429502,0.32166353,0.18920064,0.36159515,0.23905839,0.2878226,0.53211117,0.3828567,0.36301273,0.38714308,0.41328785,0.37039596,0.30981755,0.34244254,0.49875438,0.85249436,0.32732156,0.39673477,0.2688582,0.8586887,0.4164648,0.25303987,0.27356955,0.5130134,0.32367173,0.29590166,0.3129276,0.2927108,0.47439256,0.22803825,0.3972414,0.35935897,0.23991558
316866,0.21780087,0.24183069,0.35923067,0.36341992,0.22291517,0.21268335,0.2370887,0.2743667,0.40693355,1.0,0.50462174,0.38325736,0.43081862,0.26281914,0.36507493,0.27045777,0.27137125,0.22201204,0.2919274,0.3871389,0.21806511,0.26377496,0.2551341,0.32686415,0.31581914,0.25844392,0.24077976,0.388791,0.2373254,0.2352842,0.30741784,0.2966468,0.32865855,0.3025834,0.2550882,0.2765212,0.3202847,0.24297516,0.20126262,0.3329046,0.22302131,0.40453342,0.25977153,0.23771015,0.4911697,0.2201799,0.17982496,0.17877185,0.24499883,0.22401309,0.35468674,0.3931442,0.33413935,0.236363,0.22215153,0.2733623,0.2456384,0.23466784,0.2984985,0.1991666,0.24377173,0.29206437,0.15332247,0.19331864,0.27837008,0.20987341,0.23692945,0.23862945,0.4806658,0.24632187,0.29621845,0.29887092,0.29372606,0.25316676,0.254753,0.4117983,0.30833635,0.5746436,0.24046414,0.23773998,0.25205472,0.4390186,0.22138156,0.25638807,0.281993,0.3364954,0.38691851,0.40000248,0.23222698,0.38813028,0.16546571,0.24757065,0.24792545,0.34670633,0.3095214,0.3532603,0.328852,0.22571966,0.3614929,0.20239627,0.18958832,0.27063033,0.25362587,0.34353927,0.27912676,0.27910304,0.27119434,0.41859043,0.25879496,0.34467337,0.26307288,0.20739062,0.17290612,0.37242967,0.26951703,0.3045686,0.2182403,0.24873997,0.2585065,0.13202609,0.20446128,0.35567486,0.23457347,0.3578322,0.2387477,0.25374424,0.30535635,0.2814322,0.41175762,0.29978207,0.19048788,0.2781517,0.248785,0.21394734,0.4156239,0.18443397,0.3402556,0.46123168,0.33381623,0.25062397,0.21493228,0.27527666,0.305362,0.27035916,0.41837043,0.18057387,0.3693847,0.26669776,0.28686368,0.3559031,0.6408727,0.24667124,0.4842493,0.30718172,0.34108198,0.30875996,0.41262525,0.32256377,0.4664327,0.2093234,0.31578216,0.26756033,0.20736305,0.31430793,0.35167432,0.25769237,0.1721965,0.39636156,0.2976197,0.3411633,0.2651185,0.21069399,0.31165764,0.28311482,0.22940655,0.25889724,0.1588033,0.27990532,0.29188132,0.26831397,0.1476153,0.27351075
317002,0.32990652,0.23522648,0.22509344,0.19159578,0.17760794,0.15984455,0.18905894,0.31883225,0.40296656,0.50462174,1.0000001,0.15051459,0.24074915,0.3435256,0.34319115,0.34983733,0.18162684,0.22991872,0.22165874,0.2980093,0.37861735,0.13537498,0.28824747,0.38558,0.13335724,0.21094978,0.13763455,0.2735991,0.21563783,0.24941185,0.16866057,0.2543558,0.12434373,0.2571151,0.16558687,0.18626931,0.19463454,0.2009232,0.19555354,0.27206033,0.22021666,0.24633959,0.23766871,0.19170634,0.42954132,0.21684498,0.058254216,0.12399834,0.2457027,0.23035625,0.23457806,0.29128444,0.24701734,0.26340598,0.19570395,0.36200914,0.24883914,0.16721343,0.3023051,0.11987209,0.4951838,0.25977632,0.08017142,0.29798988,0.18623355,0.20790285,0.14974433,0.12281678,0.3680603,0.15777539,0.14409271,0.17414285,0.21449667,0.5367211,0.16643628,0.31911787,0.20095018,0.5997219,0.14288393,0.34224254,0.22829396,0.38684982,0.12672491,0.21511915,0.16372009,0.26862034,0.1843543,0.29573032,0.18422017,0.3411962,0.1014433,0.104235075,0.1876221,0.25302547,0.25881183,0.2151953,0.34154284,0.28519586,0.28621927,0.19701365,0.3023713,0.19761166,0.2385681,0.31657177,0.21184418,0.25110504,0.25023225,0.34907037,0.15166219,0.22934145,0.20207381,0.142348,0.44554442,0.23300327,0.24433559,0.19501507,0.12479929,0.23086958,0.22122328,0.14714956,0.42333728,0.24839324,0.20452172,0.26862055,0.26948622,0.15214492,0.17111827,0.18883935,0.30372933,0.2780562,0.13638416,0.40497297,0.18203926,0.18457873,0.25480223,0.23280019,0.23495439,0.28979808,0.120801,0.3054812,0.099529445,0.22973311,0.5733458,0.2654281,0.33348706,0.296199,0.27928168,0.15268333,0.14376207,0.23124643,0.6122446,0.2883134,0.42665684,0.22512811,0.23271576,0.25594294,0.2662814,0.21502846,0.35181668,0.31554016,0.36816067,0.19594507,0.25678858,0.20142634,0.29199743,0.1186658,0.33279362,0.27184206,0.28308094,0.2069377,0.3394449,0.09216407,0.18573546,0.22336486,0.2880177,0.15343639,0.39255416,0.22615947,0.26444823,0.16161653,0.13110727,0.15369347
318736,0.26197743,0.28268886,0.22147508,0.33532825,0.2411946,0.2893071,0.39467338,0.276824,0.21460804,0.38325736,0.15051459,1.0000001,0.30077714,0.17408548,0.30166298,0.2503788,0.22295885,0.23349933,0.3597552,0.23179807,0.35976228,0.38290387,0.38272107,0.22919922,0.3141177,0.22636387,0.25969553,0.2784938,0.4289551,0.37836477,0.5847763,0.3919177,0.8708506,0.29739156,0.2764516,0.3356052,0.36076313,0.20816818,0.28466713,0.29483348,0.1879785,0.20175765,0.16022536,0.19812912,0.24832149,0.33301482,0.28209516,0.24683607,0.3820562,0.29676402,0.25406834,0.3253317,0.1319449,0.31553432,0.1106303,0.3352301,0.4727584,0.35817483,0.2774796,0.30621088,0.19161455,0.3227071,0.25687936,0.41783324,0.36718684,0.2339327,0.20206553,0.31904852,0.29805484,0.1924968,0.37489268,0.41603863,0.2907605,0.18577254,0.29399016,0.41306645,0.31922448,0.24022384,0.29341292,0.26423827,0.22636828,0.23792034,0.27428553,0.22750035,0.34131372,0.30732203,0.3628873,0.3031881,0.3530516,0.44908315,0.19571237,0.20599692,0.29474834,0.43285632,0.2654786,0.3471441,0.23478703,0.27496094,0.42776,0.26352304,0.1558676,0.2899118,0.31842965,0.42262354,0.25984484,0.24526802,0.27075124,0.36811447,0.40696415,0.30936304,0.25626078,0.28057614,0.23059537,0.4556547,0.27740386,0.35291293,0.24677366,0.27813563,0.31920668,0.23356867,0.22362235,0.2990174,0.3424196,0.34521496,0.19037884,0.33229655,0.23585305,0.34262192,0.20870404,0.18669738,0.15667781,0.26023555,0.24151304,0.34648192,0.2292355,0.21414112,0.31009868,0.29188377,0.41810384,0.13820143,0.26819885,0.31681114,0.13667147,0.34945306,0.3285431,0.26831654,0.43102375,0.31783295,0.3122878,0.32117528,0.32533565,0.28616312,0.23357736,0.56405354,0.41833386,0.39368504,0.3228516,0.33129287,0.354265,0.34364924,0.44932935,0.3321802,0.3897365,0.2823249,0.22151965,0.3977388,0.15632051,0.27007586,0.16653955,0.3623363,0.38170892,0.21204937,0.32443187,0.22604673,0.26914978,0.2597025,0.114036635,0.22084124,0.3335057,0.30623862,0.12954849,0.25615892
321588,0.32008365,0.21103045,0.5198207,0.41675645,0.31639364,0.2753526,0.2928031,0.26383537,0.65142035,0.43081862,0.24074915,0.30077714,0.99999964,0.2843103,0.3262858,0.24057303,0.16143638,0.25957236,0.23486234,0.3338298,0.24488363,0.29912132,0.28304565,0.24379045,0.32416826,0.40706718,0.2274709,0.55525553,0.3334514,0.2552636,0.3358894,0.3135959,0.245486,0.2468086,0.2821517,0.30690023,0.33711004,0.24345988,0.3438108,0.31175357,0.23198889,0.295148,0.70491827,0.33543497,0.39082843,0.22075497,0.26927465,0.1734251,0.3564901,0.29128927,0.48696214,0.49756938,0.13635433,0.41137475,0.18356194,0.32906774,0.31325918,0.29808038,0.23715657,0.32551366,0.28898364,0.31335628,0.32827717,0.21000473,0.30819947,0.26345196,0.32822978,0.1737011,0.46116355,0.2618642,0.392541,0.31567842,0.59801525,0.29389998,0.24976096,0.31712213,0.27144223,0.30924514,0.28779596,0.33242667,0.24660203,0.35456008,0.33761442,0.18743196,0.28216535,0.31022567,0.42339563,0.44437873,0.27843404,0.30925375,0.25653192,0.15520343,0.22156602,0.3851189,0.23574528,0.34003767,0.32918268,0.35887408,0.3202988,0.2873678,0.22945821,0.3329177,0.36477143,0.52004683,0.2559987,0.25764245,0.3047677,0.38595355,0.33376068,0.2635823,0.29335213,0.23238236,0.21926114,0.3503019,0.25312787,0.39697522,0.29669255,0.2683265,0.30986464,0.21971114,0.19661666,0.35403505,0.36595714,0.29687697,0.19486219,0.39121178,0.30847752,0.39632386,0.30403212,0.18749458,0.19465603,0.2640193,0.28711492,0.31076127,0.32867956,0.2413346,0.32394868,0.27420518,0.275215,0.2267867,0.40931797,0.25681525,0.14672014,0.39566523,0.5067868,0.23238178,0.55270195,0.41391653,0.28263247,0.37925398,0.3454186,0.21784306,0.3615765,0.2714204,0.23023854,0.63026565,0.32204223,0.33646506,0.29566485,0.29171214,0.37928078,0.29606378,0.27699924,0.5733331,0.5293296,0.29328963,0.2714074,0.51742125,0.5880536,0.55983734,0.2755648,0.19334842,0.40041864,0.32842752,0.27549437,0.36687237,0.14822963,0.4642068,0.316406,0.4647946,0.23598087,0.2755475
35622016,0.4100679,0.25765693,0.30780196,0.6031913,0.26329476,0.28279093,0.23610829,0.3635272,0.38690123,0.26281914,0.3435256,0.17408548,0.2843103,1.0,0.20959775,0.23705542,0.4007411,0.2962831,0.18199867,0.64186823,0.30521467,0.15061817,0.37028104,0.17173742,0.2708027,0.33786538,0.3386695,0.3539769,0.3489995,0.30205387,0.28874505,0.29989913,0.1455273,0.28754455,0.2901753,0.25580686,0.3224296,0.2962811,0.30573946,0.24996889,0.2450452,0.34548494,0.2552484,0.24521057,0.3999645,0.24115458,0.17579284,0.18663324,0.32595178,0.24129495,0.32122982,0.3416125,0.25710845,0.29826915,0.2100162,0.23343524,0.22663999,0.19992706,0.29125112,0.27478942,0.45746654,0.2707954,0.24959686,0.19490564,0.24992457,0.3003766,0.37718266,0.19377875,0.38471687,0.24307385,0.30537468,0.33893415,0.3682928,0.4935955,0.302126,0.3000882,0.18520959,0.20187864,0.23108062,0.29297906,0.235322,0.46507785,0.37965715,0.1665363,0.30220044,0.2844082,0.16427225,0.406284,0.28247505,0.23290496,0.22038886,0.089938864,0.18920507,0.2751796,0.24673031,0.2642659,0.24669029,0.3204658,0.3100112,0.10862151,0.26964906,0.2518306,0.27707747,0.36573118,0.302302,0.3526141,0.2582499,0.29287654,0.2850638,0.36861634,0.11713922,0.23846689,0.46658385,0.28146878,0.31915957,0.33585906,0.17142329,0.34411204,0.16561633,0.18294807,0.44135597,0.51906633,0.3701727,0.3222595,0.4339189,0.16756247,0.20986651,0.28828734,0.16630945,0.25700352,0.15890719,0.24187018,0.20356017,0.30360258,0.2442406,0.2888774,0.31985208,0.33568087,0.19763488,0.3619758,0.23475188,0.24541686,0.23835889,0.3000934,0.38869447,0.39928266,0.31866947,0.35835457,0.26561275,0.22762826,0.2316845,0.19961154,0.45640102,0.19004215,0.32282034,0.31602243,0.5688423,0.60205644,0.35625505,0.30509526,0.33108544,0.22110493,0.23030928,0.24302308,0.3784375,0.23622046,0.29824084,0.26948097,0.326924,0.28195873,0.24165285,0.28354454,0.32297492,0.2835224,0.3166965,0.2724554,0.29549223,0.36080098,0.25631505,0.20698015,0.1955575,0.18684562
3654597,0.27840823,0.20711862,0.1948194,0.22089316,0.14219487,0.3070538,0.20096272,0.3919143,0.30841914,0.36507493,0.34319115,0.30166298,0.3262858,0.20959775,0.99999976,0.28714144,0.13731866,0.22075573,0.593967,0.24264036,0.4448269,0.45400622,0.21191467,0.33034766,0.26551062,0.39055282,0.17387617,0.33171916,0.5056974,0.31091014,0.2941901,0.3059773,0.3269059,0.24548817,0.24461919,0.21641639,0.23066111,0.30549008,0.21437478,0.104348645,0.16772257,0.14221299,0.2554074,0.20428322,0.36532813,0.22545432,0.096908465,0.18202496,0.5005797,0.2694147,0.2664582,0.5195078,0.24597591,0.26410145,0.21240565,0.26478666,0.29524258,0.27331048,0.27342403,0.2326597,0.36400327,0.16781455,0.25011826,0.17668284,0.34951472,0.14573255,0.18466344,0.34036735,0.55880076,0.32016844,0.19046627,0.14829044,0.2794341,0.42157418,0.1826548,0.28557992,0.4550818,0.31187412,0.22085425,0.5540777,0.1418391,0.25482476,0.20081197,0.22584419,0.17977564,0.23733835,0.41002846,0.45596126,0.23016474,0.24450365,0.16096303,0.15711764,0.21272692,0.30713588,0.1383229,0.36617088,0.43539637,0.26704627,0.3505351,0.3997427,0.26003852,0.29008502,0.23813272,0.5000913,0.21184103,0.2159617,0.32504514,0.5990078,0.24114238,0.29339796,0.19926913,0.20076586,0.1855145,0.30218655,0.37690786,0.24079059,0.1678819,0.24032171,0.18735456,0.19353762,0.21443573,0.21768078,0.21003231,0.35229886,0.23211163,0.20222937,0.21042691,0.2085052,0.21059415,0.11403758,0.089740224,0.35687333,0.430131,0.22170512,0.24082558,0.18174903,0.38179973,0.2969704,0.18538608,0.13516703,0.22557995,0.20251527,0.2420722,0.25224537,0.48213246,0.21810077,0.58754617,0.1513864,0.17643444,0.22529596,0.34211764,0.16667578,0.27903146,0.21092878,0.3919838,0.38893902,0.20030397,0.27398676,0.36753818,0.23809141,0.3757773,0.2195538,0.370834,0.24720973,0.27155313,0.1561085,0.3787181,0.36000386,0.2361546,0.287288,0.29486364,0.22376885,0.18427116,0.2301121,0.2544319,0.22609036,0.27772132,0.23478886,0.4444186,0.443591,0.07756965,0.114786014
3655005,0.2079838,0.17683005,0.11091548,0.16465081,0.3083604,0.23265634,0.2348514,0.28142446,0.249871,0.27045777,0.34983733,0.2503788,0.24057303,0.23705542,0.28714144,0.9999999,0.2283057,0.20379163,0.32025087,0.23174495,0.3054918,0.21723534,0.3181975,0.406023,0.13466668,0.3458355,0.3198285,0.30744937,0.37672555,0.280775,0.15442276,0.16144025,0.24332815,0.30290973,0.2674227,0.27736542,0.20734611,0.22483361,0.3065064,0.20659815,0.24123724,0.19953984,0.1936693,0.3047855,0.31407475,0.26596615,0.052776583,0.18221264,0.35638496,0.26170477,0.33682093,0.3457398,0.18422107,0.14567827,0.13651955,0.6486367,0.24730498,0.09760476,0.23282585,0.2610861,0.32495165,0.35589927,0.021710671,0.4167341,0.15858659,0.36158347,0.07713473,0.18866256,0.34994513,0.2621292,0.2137177,0.2587337,0.28048924,0.366812,0.29476202,0.33683628,0.31984675,0.5808927,0.18543205,0.2364461,0.24397789,0.34754997,0.2574968,0.42393428,0.2094666,0.34811035,0.2696669,0.34566915,0.23709667,0.21649572,0.09505097,0.15637696,0.553591,0.32898736,0.2509702,0.35169134,0.3898549,0.47596097,0.5050441,0.05604805,0.5937105,0.3465826,0.4066723,0.34351605,0.26007503,0.16540304,0.23112404,0.2959939,0.17817935,0.22724748,0.14474596,0.2546582,0.21983477,0.4187683,0.30117744,0.18951333,0.14854553,0.3344131,0.30006626,0.31082186,0.44089642,0.18624371,0.18570761,0.24833393,0.32800597,0.28207275,0.12372115,0.33076832,0.14401971,0.1067329,0.09611031,0.43947902,0.34842286,0.20839225,0.1735125,0.19673449,0.28683993,0.36903808,0.14787944,0.37093878,0.24977064,0.2034959,0.28821403,0.20021653,0.40201607,0.3211841,0.33570996,0.17955726,0.22989292,0.2732547,0.27500385,0.31834674,0.33924222,0.22178493,0.262837,0.33765382,0.17236757,0.23585594,0.21805608,0.23727942,0.24456486,0.3027947,0.30065167,0.24152139,0.2628339,0.17518777,0.22261763,0.24256451,0.24107514,0.19916415,0.42950332,0.21929447,0.11625327,0.19458413,0.39202416,0.2935276,0.3053047,0.17429037,0.33157226,0.4113515,0.017296456,0.1506307
36676288,0.19713826,0.1517196,0.18828806,0.39695528,0.12391384,0.19230692,0.28852785,0.13025764,0.22672702,0.27137125,0.18162684,0.22295885,0.16143638,0.4007411,0.13731866,0.2283057,1.0000001,0.25109506,0.1523727,0.42637622,0.10561727,0.15389608,0.19162977,0.13279709,0.2387847,0.15481976,0.25815234,0.1929921,0.22356269,0.20155649,0.24579683,0.09660999,0.20881084,0.29056203,0.14569892,0.14470707,0.23949103,0.11516201,0.13044612,0.18206961,0.14434822,0.21074724,0.089525945,0.13861735,0.23657885,0.20033193,0.19828969,0.18629329,0.22636549,0.152691,0.2009855,0.2321225,0.17102061,0.15704934,0.15743129,0.20857406,0.1687159,0.22165965,0.08175083,0.1980619,0.14387245,0.23580374,0.12230358,0.16201732,0.24228513,0.15099604,0.140035,0.068632156,0.2284118,0.1260316,0.19652125,0.20421389,0.20095418,0.13358425,0.121886104,0.16005328,0.1914499,0.23359075,0.17527777,0.1468003,0.20409562,0.2635836,0.3456112,0.10036221,0.22124626,0.18303259,0.17661914,0.22207953,0.14862302,0.13449922,0.091574736,0.15671314,0.11042252,0.17207976,0.18492177,0.16732654,0.14995705,0.19072172,0.20396551,0.094312355,0.2339441,0.13895243,0.264199,0.19725935,0.14513488,0.27284303,0.1633731,0.21488142,0.2265364,0.28185606,0.10555829,0.14214852,0.32054546,0.20263073,0.15586923,0.21309921,0.17897059,0.16617095,0.1510749,0.12949535,0.22774658,0.2490091,0.20532723,0.18876578,0.48224097,0.15021257,0.13958998,0.2066687,0.17081587,0.3225984,0.094146855,0.14430341,0.14006363,0.17527552,0.1538009,0.09210791,0.19090468,0.22820891,0.22231196,0.39826512,0.1406275,0.15947966,0.10997314,0.24083588,0.23519331,0.19625676,0.22855201,0.14440669,0.32549143,0.08088403,0.16213608,0.18275777,0.28194353,0.18391366,0.18355829,0.16861334,0.29368532,0.3165082,0.19858007,0.1776699,0.17961797,0.15938814,0.22941577,0.12485357,0.28737345,0.23560402,0.11097069,0.14222316,0.1725208,0.2248102,0.22412185,0.2417497,0.20260172,0.13638946,0.18919069,0.1336282,0.13010775,0.17820427,0.17475207,0.15116708,0.115835324,0.1248994
36713755,0.42105943,0.35864416,0.24797738,0.36094573,0.23940714,0.42138487,0.31888956,0.25168583,0.46328115,0.22201204,0.22991872,0.23349933,0.25957236,0.2962831,0.22075573,0.20379163,0.25109506,0.99999994,0.20984726,0.329864,0.2244981,0.18342409,0.22176601,0.24678133,0.35274816,0.33332515,0.3372133,0.24630482,0.29079583,0.48690683,0.3371637,0.26709148,0.20798805,0.29108432,0.2976188,0.276479,0.2972877,0.33625758,0.25179607,0.23944983,0.29621348,0.15949328,0.31359088,0.40195954,0.23610653,0.3345013,0.60220814,0.3082745,0.20838273,0.33433026,0.22725464,0.2643433,0.25695807,0.6208775,0.31332916,0.24707733,0.33311686,0.28179944,0.25115743,0.21292874,0.30939046,0.39215666,0.22565898,0.2663548,0.28229472,0.19760714,0.27479613,0.091571175,0.24580869,0.30792373,0.386111,0.34485903,0.23243439,0.37043718,0.23916753,0.24104625,0.22386739,0.18199669,0.31625482,0.3323435,0.43810302,0.23122238,0.24179533,0.2632336,0.32932317,0.34015414,0.19720268,0.29709783,0.549312,0.2616993,0.3024188,0.12854679,0.16298887,0.24647704,0.25085014,0.20756957,0.18018542,0.29279912,0.30973828,0.14220479,0.1509193,0.29749268,0.30975968,0.26103932,0.26737875,0.29629344,0.29715902,0.33821216,0.3453201,0.27479467,0.2338716,0.35820815,0.29801315,0.2577675,0.28773862,0.43498716,0.43264657,0.30859882,0.3428608,0.2701227,0.3774441,0.2761389,0.32033798,0.39470315,0.27981484,0.09594068,0.3495633,0.28955242,0.2106142,0.15927163,0.23923765,0.2606434,0.14767349,0.302717,0.20765404,0.19979548,0.2630638,0.29768363,0.28199872,0.22456928,0.18964867,0.2900023,0.1187703,0.45273617,0.2742349,0.38987166,0.23276904,0.33236587,0.34791744,0.28632832,0.2936859,0.2921995,0.25315595,0.32657525,0.43466043,0.20880975,0.29660958,0.27038503,0.24209946,0.530019,0.35208255,0.16763848,0.4245062,0.20154934,0.40705156,0.37448174,0.4191285,0.23250468,0.38465852,0.2031144,0.24523392,0.36214235,0.5082478,0.35513338,0.33069813,0.22649491,0.32165575,0.31573278,0.27549464,0.20737545,0.3425783,0.15845469
37016924,0.21199372,0.1054402,0.107073754,0.28300267,0.11164107,0.21235384,0.19142726,0.28117514,0.1616395,0.2919274,0.22165874,0.3597552,0.23486234,0.18199867,0.593967,0.32025087,0.1523727,0.20984726,0.9999998,0.24349028,0.33805948,0.36350846,0.28902194,0.3610403,0.2089808,0.31891286,0.21435484,0.23606685,0.51842904,0.3755737,0.30084434,0.29102603,0.3085545,0.30304974,0.17340185,0.2075477,0.2715715,0.23177947,0.30441034,0.14652175,0.13530034,0.24236102,0.10565207,0.23638138,0.28315672,0.31765258,0.07819586,0.19837213,0.38778532,0.65762717,0.31587943,0.484866,0.15638697,0.16385561,0.13113979,0.29988676,0.25550812,0.22799134,0.3171105,0.23498468,0.20806266,0.25772765,0.18928586,0.26627457,0.2830298,0.21688817,0.13343391,0.3039386,0.46204203,0.34815747,0.1977376,0.20364161,0.2718336,0.25412065,0.26007092,0.28677863,0.4084146,0.26764554,0.17762144,0.43024343,0.15561906,0.26122448,0.26531497,0.2300115,0.16229649,0.23152642,0.37085164,0.36426455,0.28485143,0.29307553,0.10991932,0.15791047,0.41566116,0.2898634,0.16729774,0.35748503,0.5893899,0.2483995,0.4667334,0.28687477,0.2527162,0.25298464,0.22855756,0.43122685,0.17673597,0.15476428,0.38348266,0.3613414,0.32230374,0.2993189,0.06675479,0.18805219,0.19266681,0.38213992,0.33397853,0.3451211,0.10574741,0.22590163,0.21461722,0.1857106,0.19994661,0.23293221,0.23032333,0.25678632,0.17899814,0.24704632,0.19552387,0.29706678,0.25309065,0.13330477,0.108448036,0.48529992,0.57222754,0.2800575,0.22489923,0.22280452,0.3381262,0.25778168,0.15677413,0.19044587,0.2855861,0.25135413,0.18828489,0.3122861,0.4455663,0.21922201,0.4456836,0.19885689,0.22649282,0.24670644,0.29595613,0.25574407,0.24743639,0.23566292,0.20548233,0.38267714,0.22109951,0.27414462,0.284274,0.1791173,0.37469566,0.16333367,0.30336496,0.25738007,0.21933094,0.18420777,0.25777903,0.253793,0.107646644,0.25450045,0.33534563,0.22668111,0.07780611,0.15894943,0.22121766,0.2998768,0.16459936,0.16695961,0.80654776,0.39546865,-0.0129691735,0.074497506
